Filled container:
Container contains 50 elements.
1: It's square matrix: dimension = 9
7.86798 5.58769 9.34074 10.9462 9.23756 -4.57103 6.97906 -3.51549 -5.58171 
-4.97864 3.22025 0.437513 8.34544 -9.55522 2.66973 4.93912 1.26426 10.5072 
-3.23542 1.60137 6.05875 6.89447 10.9366 10.1611 0.940611 6.21961 8.09165 
3.1504 -8.95599 4.37193 -1.80111 10.2713 -8.04978 8.06345 0.259346 -6.39756 
7.67251 8.99466 -3.55715 -1.68319 1.13929 1.53407 7.67379 2.05383 -8.29652 
-2.67721 10.4424 9.60543 4.70263 0.707968 -7.87353 5.07306 7.61162 3.4138 
-9.39244 -6.84362 -1.18778 4.35463 -4.54668 -6.28156 5.51784 7.9968 -2.54134 
-9.70775 9.87075 7.17518 0.820124 -9.31425 0.762444 8.77355 -9.27772 -9.66289 
2.39094 3.16642 6.63106 -3.42384 4.09571 -1.15638 -0.946806 9.45418 -0.499466 
Average: 1.78378
2: It's diagonal matrix: dimension = 7
-8.71053 0 0 0 0 0 0 
0 -3.50908 0 0 0 0 0 
0 0 0.258705 0 0 0 0 
0 0 0 -1.61589 0 0 0 
0 0 0 0 -6.40205 0 0 
0 0 0 0 0 -3.93207 0 
0 0 0 0 0 0 -3.8244 
Average: -0.566027
3: It's square matrix: dimension = 13
-9.41038 5.6928 2.89724 7.60265 0.459944 2.68126 -4.00513 10.5296 10.7661 -3.7539 -9.37834 -3.61867 -5.08182 
-6.06558 2.29032 3.65734 -8.18372 -6.62764 -0.341807 0.267037 3.56505 8.23072 -2.74001 -3.52574 -4.71715 -2.07413 
-3.97693 5.46144 -4.97031 0.965606 5.862 9.67528 8.38517 5.34031 -3.87695 -3.37898 -2.29588 2.87289 8.16471 
-8.75604 -2.40675 -8.07285 2.85366 1.56548 7.62252 -2.61312 -7.74151 -6.27195 6.8182 -1.69536 7.3213 2.10511 
3.9624 0.133091 9.78936 7.63021 6.22602 -5.05554 -6.81094 5.00256 9.17667 4.53856 3.11963 -3.07071 -4.31852 
-8.14911 6.65221 0.0516984 4.74621 3.57082 -7.88635 10.7244 5.81393 -6.63982 -1.96582 -5.71374 -3.44115 3.6035 
-9.45332 -6.9968 -3.2931 8.06729 2.01025 -3.68789 -1.08844 9.40226 9.14335 4.54112 -9.78274 8.87417 5.45311 
-7.23905 0.143986 1.23798 -1.76907 -4.08716 -5.08374 -9.83273 6.90728 0.878445 -6.11429 9.12796 3.03375 -7.35569 
-3.34758 -3.87887 -5.31254 8.22495 -8.05875 -9.80645 6.57466 -0.520615 -6.25208 -5.88165 -9.39949 9.51186 -2.20808 
-7.84469 6.21641 1.77313 -7.18906 -7.69536 -8.70925 -6.44435 3.72207 -6.05853 8.81777 1.01239 7.18094 2.26341 
-3.78402 6.36445 -9.4232 -9.57253 7.52254 0.461867 -5.0094 -6.18479 -3.75582 -3.66097 -6.86029 6.30036 3.16514 
3.93228 9.86114 9.94766 6.8746 8.60884 0.135655 -2.95599 7.30912 6.67272 -2.78423 0.859859 -0.91348 -6.51228 
3.85986 -5.94317 5.9075 -0.605213 -7.77676 7.14377 0.813715 6.05747 10.4335 10.8872 9.58428 6.4138 5.36531 
Average: 0.344558
4: It's square matrix: dimension = 2
-1.12818 10.6802 
4.59624 1.54881 
Average: 3.92427
5: It's diagonal matrix: dimension = 13
2.07627 0 0 0 0 0 0 0 0 0 0 0 0 
0 6.51891 0 0 0 0 0 0 0 0 0 0 0 
0 0 5.7915 0 0 0 0 0 0 0 0 0 0 
0 0 0 -4.36787 0 0 0 0 0 0 0 0 0 
0 0 0 0 -2.75219 0 0 0 0 0 0 0 0 
0 0 0 0 0 -6.87054 0 0 0 0 0 0 0 
0 0 0 0 0 0 -1.63192 0 0 0 0 0 0 
0 0 0 0 0 0 0 8.29609 0 0 0 0 0 
0 0 0 0 0 0 0 0 4.19312 0 0 0 0 
0 0 0 0 0 0 0 0 0 -0.871181 0 0 0 
0 0 0 0 0 0 0 0 0 0 2.93954 0 0 
0 0 0 0 0 0 0 0 0 0 0 -4.34031 0 
0 0 0 0 0 0 0 0 0 0 0 0 0.522111 
Average: 0.0562339
6: It's square matrix: dimension = 14
-5.55095 2.84533 10.8411 -7.21598 -3.78018 -4.54924 8.62935 -3.48152 -9.03098 1.59047 -5.6849 -3.65456 3.24268 9.28562 
-2.63619 -3.22068 3.26447 -0.944884 -6.87246 -4.47298 6.1286 -4.52104 2.7915 -9.23093 10.5751 -9.01175 9.61376 -6.4264 
6.3824 -0.193121 9.73553 -6.41679 -4.08203 6.43559 1.34437 4.65328 6.8637 3.59838 -0.525101 -8.42405 -0.345653 10.0406 
6.22153 -6.43666 3.66695 -9.89682 2.65307 -6.36616 7.67699 6.46892 -2.79833 -3.43538 1.62636 2.98184 7.81414 -9.43345 
10.2297 10.9628 -8.3574 3.33497 -9.55651 7.91284 -1.43901 -9.37001 0.347789 -8.98675 -4.72228 -0.945524 7.44307 -1.66332 
-6.65712 5.16855 -4.07498 10.1636 -9.18735 -1.38774 -7.05383 9.31767 3.86563 5.38389 1.40397 6.931 -7.85302 9.93548 
5.28391 -2.47084 -3.87695 -2.76757 -6.90579 6.86306 -3.77633 10.4495 -2.583 7.37257 1.06174 4.44179 -8.88934 -9.29118 
0.500961 -0.340526 -4.8056 -6.79235 -3.13608 1.65777 7.94424 6.72271 2.04999 1.85708 5.23264 -9.27451 3.8573 7.71288 
-0.352062 2.0878 -0.723136 -2.04978 9.41636 7.42961 -6.94873 3.01901 8.66012 3.46764 -3.72826 -3.57573 4.03034 10.2495 
7.29759 7.09122 -5.76244 -4.3166 9.78039 -8.57979 -0.48793 10.2835 -8.92843 1.18799 1.53023 2.51271 -5.1991 -3.05405 
1.83145 -7.34288 0.889981 -9.91668 -2.7336 -8.38496 3.80987 10.2034 -3.50652 6.51762 -1.66268 -7.03909 2.07242 2.58641 
-8.39393 9.04721 -1.83123 -4.862 2.73189 5.43324 -5.58684 -5.87075 0.786157 4.57125 -2.05554 -3.83593 -5.59069 -4.31596 
6.15809 -1.64153 -7.1615 1.80837 -2.79321 -2.0267 9.63234 -2.25742 10.7731 -5.77718 -3.12839 -5.43303 2.1442 -1.837 
7.12583 7.87503 3.1363 4.0611 8.95557 -5.61184 -0.126469 -8.83422 10.238 -0.896817 -2.01965 -6.7289 -0.901944 9.62593 
Average: 0.274613
7: It's diagonal matrix: dimension = 7
-0.276437 0 0 0 0 0 0 
0 -9.14826 0 0 0 0 0 
0 0 9.9592 0 0 0 0 
0 0 0 -6.88336 0 0 0 
0 0 0 0 4.84426 0 0 
0 0 0 0 0 -4.34672 0 
0 0 0 0 0 0 -4.02179 
Average: -0.201492
8: It's low triangle matrix: dimension = 10
5.71651 0 0 0 0 0 0 0 0 0 
-5.66247 5.6505 0 0 0 0 0 0 0 0 
-3.50716 7.19889 10.1515 0 0 0 0 0 0 0 
-5.73489 9.96753 -2.64324 0.309336 0 0 0 0 0 0 
5.7633 -3.04956 6.79897 -1.65755 -6.01047 0 0 0 0 0 
6.09207 1.51997 -9.06366 -1.6364 -5.79897 1.3809 0 0 0 0 
6.13053 -2.5862 -4.73061 6.18052 1.72057 4.67635 3.40226 0 0 0 
2.97415 -7.07947 -7.14484 -7.05127 2.81265 7.78722 -1.33326 5.61205 0 0 
2.53514 -5.54646 -5.74514 -7.18073 8.78573 3.70733 3.59645 -5.86755 -1.09037 0 
-6.07135 7.79812 3.97778 -2.11963 1.93783 -8.30741 2.48515 -1.08524 5.7633 -9.35591 
Average: 0.153728
9: It's low triangle matrix: dimension = 2
-8.11451 0 
6.95535 9.00684 
Average: 1.96192
10: It's square matrix: dimension = 10
-9.20145 -5.10938 -8.37983 6.60414 7.07584 -8.92715 1.2931 3.14783 6.09528 0.0465712 
-1.67998 3.10233 -8.50417 2.94659 10.6353 -1.85687 3.31062 -8.01389 8.16535 -2.70733 
-4.42299 4.24824 3.58428 0.269601 -7.59539 -7.89724 -7.82867 -8.4452 -7.09613 6.05554 
4.41102 -4.79662 8.88186 0.277291 9.50993 9.92715 -0.289895 9.62593 6.47212 -9.51357 
4.27836 8.41722 -1.09934 9.92267 3.4279 10.7443 1.16941 -8.34843 1.77953 -4.38646 
3.13501 6.97009 9.36509 6.69259 -0.969237 1.97949 -8.04593 9.93036 7.71609 -8.51634 
-4.49541 5.85366 0.916898 3.87652 9.62017 0.808588 2.63256 -4.44862 6.43367 -2.07285 
3.35356 5.87738 -7.17112 -9.89233 -5.75027 -5.74899 8.38902 10.7834 -4.01154 8.27686 
-9.01367 -6.23798 9.33177 -1.40761 9.43623 1.92886 -6.82504 -7.62038 8.08396 9.06772 
7.18351 4.08545 3.77078 4.61226 -5.32408 -3.61483 6.06195 4.58919 -6.0784 4.9295 
Average: 1.07773
11: It's diagonal matrix: dimension = 8
1.49818 0 0 0 0 0 0 0 
0 4.88592 0 0 0 0 0 0 
0 0 5.30442 0 0 0 0 0 
0 0 0 -3.29951 0 0 0 0 
0 0 0 0 2.87097 0 0 0 
0 0 0 0 0 10.8295 0 0 
0 0 0 0 0 0 -5.59261 0 
0 0 0 0 0 0 0 2.22816 
Average: 0.292579
12: It's diagonal matrix: dimension = 3
9.24653 0 0 
0 2.74087 0 
0 0 4.07968 
Average: 1.78523
13: It's square matrix: dimension = 17
8.97287 -2.78103 6.11386 5.11344 -3.19953 -5.03375 0.4279 4.74557 4.44884 5.58577 2.28776 -1.21278 -5.86819 -0.908353 -3.83273 3.76501 -4.06729 
-7.24995 -3.76864 -0.209784 -8.81564 -5.95215 10.054 10.545 -9.85067 -9.20978 7.94745 -1.59731 -7.73574 -0.517411 -9.5533 -9.89361 10.7456 4.64687 
4.97949 -2.10297 -3.17902 10.2412 -5.76437 4.50523 -7.61333 -6.17518 -0.703269 -3.09378 10.3546 5.63704 -8.97009 2.257 -7.51976 -6.76736 -0.20658 
5.90558 -5.04657 -7.15381 5.978 -1.10959 6.52467 -4.86905 9.41957 -7.16791 -9.54561 0.427259 -7.79278 -2.37791 -3.92373 -8.77718 3.93292 9.81948 
7.22709 0.963042 -0.109806 7.15595 3.35676 6.85537 -2.71886 -2.93933 5.58193 -6.16492 -9.06302 9.60991 -4.5345 1.35142 4.60393 -1.19996 3.80987 
-3.88592 -7.6896 4.56804 5.23585 -8.52788 7.86029 -6.55779 -0.160436 4.58086 -0.0316172 3.25422 1.70006 -1.00577 8.08524 9.79449 0.522111 -8.12989 
-9.57125 -6.16492 -5.80602 -9.58406 -3.73275 4.42448 -9.45589 -0.256569 -2.03504 3.8432 -7.9248 -2.20615 10.8526 4.15467 8.96005 -6.5219 5.41722 
7.73019 9.07285 0.696432 8.87417 9.67272 -2.64837 2.39094 5.63448 -5.46059 7.25721 10.2873 -8.29588 -3.73147 7.61803 0.481735 2.54604 6.7131 
-9.35847 -1.46913 7.43666 -9.30015 -7.62102 10.2015 -6.15275 3.01004 -3.59624 8.52809 8.88571 -6.81927 -2.98291 9.34907 -1.68126 7.56163 4.73083 
4.96667 8.22047 -3.50844 -2.66823 -1.91134 1.76672 -0.954497 -1.70562 10.7116 3.21448 -2.77975 -8.1709 -4.90365 10.5905 1.98975 3.34907 4.50459 
-9.8731 -0.874386 -8.37086 4.82888 2.97223 2.19227 7.4514 -0.198248 0.205512 8.62358 -7.9985 -2.08374 8.69472 1.27836 5.81265 10.727 -8.18436 
1.40141 9.52724 9.68426 2.58257 0.371502 8.26597 10.1559 -2.8041 7.15915 -4.11985 -0.203375 10.5687 -3.1034 6.86947 5.92096 -1.16663 -2.53429 
6.24461 -1.97223 8.38453 -5.49391 9.12412 4.14698 -2.5298 -3.24439 -7.66076 -9.84811 -9.12198 5.12882 10.825 6.70412 -1.26661 -3.56548 -2.91177 
5.96966 1.9545 1.14698 -7.46977 0.791925 2.38581 8.12433 -5.09977 10.445 -0.857082 6.69707 2.6646 3.64772 -5.79385 4.02008 7.58022 -3.01944 
-6.21427 -7.90429 -8.76501 -5.62529 3.49519 -3.61611 -8.13758 9.81115 4.86029 -8.60991 3.18244 5.90429 -4.79919 4.15467 2.57616 -9.48152 -5.58748 
2.03333 -3.64495 -0.92758 -4.32429 -9.31297 1.42384 -5.31574 -5.36894 2.68511 -1.89724 1.83145 -9.94809 3.61696 4.39821 1.65264 6.53493 5.13971 
-8.49712 9.57915 -9.75005 -8.15488 0.80987 10.4258 6.28755 -6.627 -6.79363 3.61632 0.604144 -7.34416 0.95407 1.68661 -3.85772 1.72314 7.91092 
Average: 0.382803
14: It's diagonal matrix: dimension = 7
-4.04807 0 0 0 0 0 0 
0 2.39351 0 0 0 0 0 
0 0 -3.05918 0 0 0 0 
0 0 0 -4.99017 0 0 0 
0 0 0 0 -3.81414 0 0 
0 0 0 0 0 6.45738 0 
0 0 0 0 0 0 7.9013 
Average: 0.0171558
15: It's square matrix: dimension = 12
0.866909 4.78787 10.6443 -0.155309 -9.44691 8.13266 3.8637 -2.99124 3.82589 1.31233 -6.53792 0.418928 
-2.87652 -1.5909 3.48366 1.56612 4.59496 7.60842 2.98633 -3.05918 0.276009 -4.21854 -6.08994 10.552 
1.15659 -8.58043 -1.09101 -3.44371 4.90707 -9.43217 10.1739 5.91327 -3.43922 -8.08695 -8.21577 3.45097 
-4.08203 -6.30848 -3.38154 -7.72677 1.96155 5.56847 7.34501 -0.100833 -4.93442 -7.8652 3.53749 -4.95877 
0.275369 -9.79812 -9.55779 3.44136 -5.56377 1.52126 8.42235 8.65178 -3.53343 8.11023 5.61653 -9.81542 
-2.46059 5.8229 -8.1568 -0.0726341 7.46101 4.33668 -0.718009 -0.770562 0.0337535 -5.80602 -5.04593 8.57039 
-8.326 -2.92843 5.54988 -1.78253 -5.92651 10.925 -9.38154 8.77099 -8.82141 8.16599 -2.33497 -6.98975 
-3.71865 8.52745 9.16898 -6.05148 3.48558 6.77911 -5.92523 3.49007 -5.65349 7.93912 -6.22324 -9.38539 
2.95364 -7.85238 -0.880154 10.4822 1.24567 -1.14356 -5.53365 1.36167 6.82846 5.48131 9.34971 -0.191198 
7.0925 0.192694 7.73852 2.97479 -3.1034 7.97949 1.46486 -1.53322 -3.39051 7.65841 7.82311 -0.330271 
-9.22132 2.97736 6.88549 -2.07797 -9.77377 -3.53087 1.56163 5.4608 10.8334 3.21641 -0.0636616 -4.45888 
3.80282 0.177953 1.90899 -2.35932 -7.30827 -9.76223 -1.32814 7.13993 10.9737 -7.36787 4.06238 9.40419 
Average: 0.336529
16: It's low triangle matrix: dimension = 10
0.309977 0 0 0 0 0 0 0 0 0 
8.65883 -7.87738 0 0 0 0 0 0 0 0 
-6.94617 6.21705 4.57573 0 0 0 0 0 0 0 
6.32023 5.03589 3.30293 -4.03653 0 0 0 0 0 0 
6.98547 -4.75048 -9.05789 -3.51869 -8.70284 0 0 0 0 0 
-5.80602 -9.97308 -5.2273 -3.13736 -6.05982 -6.81222 0 0 0 0 
-9.06751 -5.05811 8.56526 -3.89938 -0.292459 9.47468 3.21961 0 0 0 
2.91263 5.34095 3.16514 -3.01944 -6.67827 10.4661 6.43239 4.13544 0 0 
-3.66417 -4.0455 9.48814 -6.93207 6.24076 -2.87396 9.33369 10.3963 -9.18094 0 
8.22559 4.95386 -1.48579 0.343944 4.57189 -3.51292 0.20423 -2.62978 4.29246 -8.33882 
Average: 0.00584277
17: It's square matrix: dimension = 13
-2.96048 -8.73937 8.21278 -3.23157 -2.40098 -1.07306 -9.96603 1.2822 9.8009 6.05298 -0.395001 2.32301 -9.37065 
-2.93228 2.9671 -2.7336 -1.04422 9.8887 9.30741 -0.750053 9.7727 2.81265 0.390728 -0.506516 -1.63512 3.64644 
0.313822 -8.32536 6.30805 -1.66204 2.71908 3.89703 -4.30314 -7.09742 8.14869 10.2649 1.52446 -0.0745567 -6.33027 
3.62529 10.6052 5.40696 4.44755 -3.5219 -7.04743 3.25166 0.408032 0.606067 -2.97394 6.17411 4.66097 4.44755 
-0.267464 -5.70669 -2.18116 -1.2602 10.6116 4.21491 -0.107883 6.48109 -4.90301 4.86605 -6.10276 -0.286691 -9.73019 
-6.12262 6.84832 -4.80752 -1.00769 2.78188 2.27238 1.44307 -6.14762 3.82205 4.92566 4.25529 -5.19205 -5.36317 
6.84768 -0.859645 5.94531 1.61995 -8.58235 5.7806 6.24781 5.22047 2.57488 10.0047 10.7994 10.9744 7.8449 
-0.679556 -1.6896 -3.45268 7.34501 -4.46336 -5.61888 0.566973 -9.58919 -1.50053 1.41102 -0.475753 3.0094 -3.51549 
1.54881 6.53429 -9.41295 -0.73339 -3.38859 -3.7712 -5.47725 -2.59389 -3.65007 5.56334 9.82012 -7.22559 2.99081 
-6.1771 -1.78253 3.86178 8.45119 0.611835 -5.64068 1.88336 10.1284 -3.91092 1.18992 -3.76864 -1.31532 4.26106 
-9.78018 -5.71053 7.71801 -1.41465 -3.17133 -8.84576 10.7308 3.68361 -3.74044 8.28071 7.30912 7.43666 -8.54711 
0.597736 -0.089938 -8.75539 -1.61077 8.11344 -6.83337 -2.25999 3.08502 -6.45396 -9.88336 -2.27793 -4.09613 -5.98419 
-8.73809 0.604144 10.3424 7.31938 -8.13565 2.1551 -1.06217 9.82333 4.38411 3.80602 -1.53835 9.51314 -3.53536 
Average: 0.495432
18: It's square matrix: dimension = 2
6.22089 2.37877 
2.07691 -2.56249 
Average: 2.02852
19: It's low triangle matrix: dimension = 15
0.814356 0 0 0 0 0 0 0 0 0 0 0 0 0 0 
3.93036 0.632344 0 0 0 0 0 0 0 0 0 0 0 0 0 
9.51122 8.0141 7.29759 0 0 0 0 0 0 0 0 0 0 0 0 
-7.05448 3.38176 -9.19504 10.2271 0 0 0 0 0 0 0 0 0 0 0 
8.721 -5.04337 2.61333 -0.507797 -7.02179 0 0 0 0 0 0 0 0 0 0 
2.63768 -2.64837 -8.49007 -0.484725 7.41102 -6.5674 0 0 0 0 0 0 0 0 0 
-5.58235 -7.72356 -5.14911 -7.61141 -7.64986 0.167058 7.82888 0 0 0 0 0 0 0 0 
-8.62658 5.05896 3.81243 -4.67037 -1.67357 -7.47298 -6.67186 9.29075 0 0 0 0 0 0 0 
-9.90643 -6.24247 -4.39479 9.85922 -4.73254 -3.6411 6.15552 -1.0141 -9.95834 0 0 0 0 0 0 
10.1124 2.04358 -5.25037 -1.14228 9.16193 -8.06131 -0.670583 4.1175 5.99017 6.82076 0 0 0 0 0 
-1.9812 -6.24183 5.83059 8.35633 -4.79983 2.95492 -0.32194 -3.49626 -1.31596 -4.257 -3.45268 0 0 0 0 
-0.650075 0.302927 9.83615 1.14826 -4.27302 -9.80581 -9.5783 0.612476 -0.364879 10.6558 9.22282 -7.54604 0 0 0 
0.00427259 -7.01923 0.588122 -8.6003 5.82354 -7.79534 4.91989 5.25187 -4.82803 -3.87054 9.19077 1.44307 -2.81884 0 0 
7.56548 -3.14313 1.43922 0.458022 -3.81799 10.9308 9.63875 1.00598 -1.12241 2.50182 -2.06772 9.16898 7.06623 3.48814 0 
9.58043 -7.36979 3.80282 -3.1066 -5.44584 -4.9921 -0.859004 2.36402 7.01367 8.05383 6.63234 2.30378 -0.94232 5.01923 -1.62423 
Average: 0.121863
20: It's low triangle matrix: dimension = 6
7.19184 0 0 0 0 0 
-8.47533 -8.47981 0 0 0 0 
2.26853 3.14975 9.65093 0 0 0 
4.66353 7.72954 -8.24204 8.87545 0 0 
3.75988 8.35633 10.4437 -4.81906 4.58983 0 
-7.86456 -0.230934 2.79662 -9.80004 -5.77334 -4.14292 
Average: 0.434665
21: It's diagonal matrix: dimension = 10
2.07178 0 0 0 0 0 0 0 0 0 
0 -2.32984 0 0 0 0 0 0 0 0 
0 0 8.73638 0 0 0 0 0 0 0 
0 0 0 -1.85815 0 0 0 0 0 0 
0 0 0 0 8.04358 0 0 0 0 0 
0 0 0 0 0 0.7022 0 0 0 0 
0 0 0 0 0 0 -9.01816 0 0 0 
0 0 0 0 0 0 0 -1.16022 0 0 
0 0 0 0 0 0 0 0 0.281137 0 
0 0 0 0 0 0 0 0 0 6.09207 
Average: 0.115608
22: It's low triangle matrix: dimension = 4
7.87182 0 0 0 
-7.29096 -4.05448 0 0 
6.62145 -8.97009 -2.77334 0 
0.688101 2.68447 7.44627 -4.27879 
Average: -0.128471
23: It's low triangle matrix: dimension = 5
4.43538 0 0 0 0 
4.83465 -1.464 0 0 0 
0.692587 4.06943 -8.98868 0 0 
-9.35975 -7.13715 9.92523 5.87161 0 
-5.82461 10.7116 3.62658 10.22 0.202948 
Average: 0.872634
24: It's diagonal matrix: dimension = 5
-6.25593 0 0 0 0 
0 -2.70028 0 0 0 
0 0 -8.06772 0 0 
0 0 0 -4.26469 0 
0 0 0 0 -0.0758385 
Average: -0.854578
25: It's diagonal matrix: dimension = 16
5.03204 0 0 0 0 0 0 0 0 0 0 0 0 0 0 0 
0 -8.81372 0 0 0 0 0 0 0 0 0 0 0 0 0 0 
0 0 -4.76138 0 0 0 0 0 0 0 0 0 0 0 0 0 
0 0 0 4.7571 0 0 0 0 0 0 0 0 0 0 0 0 
0 0 0 0 5.01025 0 0 0 0 0 0 0 0 0 0 0 
0 0 0 0 0 3.83038 0 0 0 0 0 0 0 0 0 0 
0 0 0 0 0 0 -7.8684 0 0 0 0 0 0 0 0 0 
0 0 0 0 0 0 0 6.93484 0 0 0 0 0 0 0 0 
0 0 0 0 0 0 0 0 0.916257 0 0 0 0 0 0 0 
0 0 0 0 0 0 0 0 0 2.76586 0 0 0 0 0 0 
0 0 0 0 0 0 0 0 0 0 -9.54753 0 0 0 0 0 
0 0 0 0 0 0 0 0 0 0 0 -6.67186 0 0 0 0 
0 0 0 0 0 0 0 0 0 0 0 0 8.45952 0 0 0 
0 0 0 0 0 0 0 0 0 0 0 0 0 -9.41423 0 0 
0 0 0 0 0 0 0 0 0 0 0 0 0 0 -9.24311 0 
0 0 0 0 0 0 0 0 0 0 0 0 0 0 0 10.7597 
Average: -0.0306809
26: It's square matrix: dimension = 18
9.13886 -9.30528 -7.99402 -0.773125 8.32493 0.588122 -2.89062 2.16599 -3.02457 -9.40526 -0.87054 -6.76159 -1.40056 -5.53813 -6.49242 0.569536 0.982269 10.8635 
3.63683 -9.74877 7.54048 -1.04102 2.29545 -0.341166 7.5078 -8.52916 5.55757 5.35313 7.35334 3.04529 3.82846 6.59838 3.34587 10.1848 -6.83914 -2.96561 
-4.33454 -4.45631 2.51335 -9.4687 7.97116 -3.1521 2.10382 4.75262 2.82739 6.23692 8.51271 0.465072 -7.09742 -3.70327 -1.3025 -4.87609 7.3386 2.58385 
-9.42833 -8.23307 3.19526 -7.10895 7.30335 4.74044 -9.60457 -0.92822 9.98611 -8.70092 -1.95236 10.6757 -1.14805 -8.39137 3.57402 1.18928 10.6712 -7.82931 
-1.45567 6.16578 2.48964 4.22196 -2.37855 -5.98163 0.379192 -1.88443 -3.48152 -5.24204 -0.657125 -3.75646 0.389447 -3.536 -6.97244 7.49754 2.54027 -9.2367 
-2.58107 0.83166 -7.11856 -7.90173 6.15488 -0.0623798 2.02692 -7.92993 -6.3777 -7.42619 8.43004 9.63363 8.5031 9.57146 8.48708 9.42662 -9.10147 4.05789 
-7.00577 -3.98141 6.72655 -9.07648 3.8778 -6.64879 7.50652 -6.93912 -6.40974 7.16428 -1.77676 2.41594 -2.9028 -5.32856 -5.59197 6.36766 2.84021 2.28904 
0.0914335 -6.50844 -9.40269 -8.32215 -3.2053 10.2091 5.64537 -2.10681 7.21107 -6.62508 2.11856 -7.0846 -7.2743 -3.6693 -3.00983 -6.64559 5.45119 8.44542 
-5.442 -4.41017 -3.09827 6.68554 -8.13245 4.1521 -1.99722 6.24204 7.95514 9.60286 9.55544 -7.25443 6.33048 -7.28648 2.83572 7.09635 10.6039 0.213843 
-0.525101 -7.55052 9.66247 -9.10981 0.279214 10.3815 -5.70605 1.32579 5.14676 -5.23563 -5.31574 -5.95022 -1.26853 7.39308 -1.32814 0.391369 -2.97586 -4.12177 
-1.8197 4.80325 8.48964 -3.1457 1.73147 -6.04764 4.92566 -4.98248 8.44349 -4.6505 7.70583 3.04273 -8.57787 3.79897 6.54775 -7.11216 -9.04572 -1.54668 
5.47298 -8.45482 8.39607 -9.24696 -2.88421 -7.2602 -9.81606 -8.96561 -7.97159 -2.36317 -8.1395 2.07947 9.15168 4.06174 -7.48323 -9.60137 7.08866 5.28584 
-4.42491 6.52211 -1.63448 6.89447 -8.699 6.08054 -9.6975 -3.22196 -3.03867 4.96155 -5.32023 2.77291 2.02756 -5.68361 1.83786 4.97885 -7.66012 -3.29695 
-6.62893 5.29609 6.62722 4.14505 -5.91626 0.202948 0.296518 -9.61419 6.3401 -8.68874 -5.10169 -9.8731 -4.51207 10.7257 -5.83166 -3.4828 0.504166 1.7398 
-1.94147 5.69408 -7.49092 -6.09314 -5.34138 1.63405 -3.67827 -6.99167 9.41829 0.120914 -7.2993 3.94958 7.57317 8.08588 -9.5674 6.12412 2.18265 -3.87695 
-4.08011 5.27238 -4.31532 -7.55245 -3.5706 2.36082 2.37748 -2.91818 -0.344371 3.52019 10.7231 -7.4467 -6.24952 -4.42427 6.89959 1.88656 -3.51228 -9.81094 
2.48451 8.15766 -5.2978 -1.84469 -1.30699 1.41359 5.67229 -5.11899 -1.92801 9.21833 -1.40056 -9.42448 -3.95001 -1.38133 -8.16001 -6.81671 0.260628 9.80795 
1.04059 -1.40312 10.0361 10.2636 6.83999 6.17219 3.98227 -2.35035 -4.70434 5.08139 -5.96048 8.2602 8.68447 -7.45952 4.93976 -7.72164 7.83209 -9.56932 
Average: -0.299989
27: It's low triangle matrix: dimension = 19
8.64025 0 0 0 0 0 0 0 0 0 0 0 0 0 0 0 0 0 0 
-4.64537 0.347148 0 0 0 0 0 0 0 0 0 0 0 0 0 0 0 0 0 
0.822047 -0.0463576 -3.34437 0 0 0 0 0 0 0 0 0 0 0 0 0 0 0 0 
5.46272 7.18543 0.431104 -2.56954 0 0 0 0 0 0 0 0 0 0 0 0 0 0 0 
2.7915 -2.58492 -7.42555 5.06729 10.9897 0 0 0 0 0 0 0 0 0 0 0 0 0 0 
-7.42235 7.57189 10.3392 4.22068 10.2322 -5.8887 0 0 0 0 0 0 0 0 0 0 0 0 0 
5.59026 -3.27259 2.32301 -3.1771 -1.96646 -4.94275 1.1489 0 0 0 0 0 0 0 0 0 0 0 0 
4.50331 5.70818 2.32429 4.18351 -6.22388 -7.8934 -3.56227 0.0273446 0 0 0 0 0 0 0 0 0 0 0 
-9.64367 0.0279855 3.68297 2.28455 1.55779 -0.335398 0.574664 10.6264 -0.785943 0 0 0 0 0 0 0 0 0 0 
5.47169 -3.61611 -3.16172 -4.33711 -2.16385 8.24418 3.13245 -7.04999 -5.90793 8.24097 0 0 0 0 0 0 0 0 0 
9.48878 -5.08823 -6.10211 -4.59923 -6.67186 9.29011 -3.48344 -1.02756 6.28626 -1.46657 4.02969 0 0 0 0 0 0 0 0 
-2.08438 -1.62999 0.452895 -1.99017 4.00406 -8.71566 -0.631489 -7.30763 -0.56035 -4.79791 -0.0764794 5.16791 0 0 0 0 0 0 0 
-2.60414 -2.23627 10.2072 3.63427 0.389447 7.58983 8.34736 10.2354 -1.11087 -1.9216 -1.76073 -0.482803 -4.93506 0 0 0 0 0 0 
6.78103 -2.45354 0.042085 5.0878 5.12818 0.64452 -1.82803 3.88421 3.79128 -9.33348 9.57659 -3.2476 8.45824 1.29246 0 0 0 0 0 
1.47703 -7.25315 -2.6881 8.44862 10.1713 1.2335 -3.02008 9.57723 10.8609 -5.47404 8.24866 7.61803 10.3213 0.0145268 5.31852 0 0 0 0 
5.37492 3.43431 -8.32344 -9.12134 0.408673 -8.87332 -3.60521 -5.21192 2.12561 -5.25999 0.976501 -1.3621 -1.79406 -8.64132 -8.71502 9.98611 0 0 0 
-2.96048 -0.86285 3.38945 -4.47041 10.3155 6.14975 -6.86413 2.0173 -2.57082 -7.20124 -7.94723 6.16065 -7.141 -6.69045 -1.01154 -9.65777 -2.83102 0 0 
5.34544 -8.60735 -4.60051 -0.205939 8.26981 9.64901 -3.75005 8.27174 4.09571 5.35826 2.66588 -9.9436 5.64537 -5.01132 -0.0463576 0.60094 -9.05084 -0.211066 0 
5.83636 4.83209 0.431745 -1.62487 5.31404 1.70135 -3.11173 2.90173 -2.21833 0.949583 0.816279 2.2147 2.1897 -0.246315 -4.89596 8.90237 2.52681 -8.59838 6.62401 
Average: 0.261899
28: It's square matrix: dimension = 15
6.66054 5.75561 -0.273873 10.0348 9.98868 10.3783 -7.71651 9.35356 8.24995 -6.65456 0.900235 -2.38112 5.0878 0.998291 -1.74792 
5.2147 -9.39051 -2.27537 3.53301 -4.02371 -1.45247 -8.88742 -6.87182 -9.19504 0.542619 -5.27857 4.42448 10.85 5.7101 5.00064 
8.17368 1.05084 9.15104 -9.60585 -3.69237 10.311 10.5514 6.15809 7.61995 -8.91562 -1.46016 -8.08695 -7.79086 -1.33006 -4.04807 
-4.51015 -6.90002 5.96838 -1.34608 2.06153 -0.0585345 9.01517 8.09549 7.12775 -4.80496 -3.95962 -9.76992 -4.63704 9.71181 -6.63405 
2.9812 1.86734 -5.88934 -8.11002 9.88293 1.84298 -5.13822 9.46764 0.0760521 -5.75988 0.479171 8.95236 -4.69344 4.39756 9.73296 
-9.81094 -2.92267 -6.7994 2.28455 -3.26746 0.61568 6.80538 6.65221 -1.42811 2.81329 8.44414 8.91263 0.654775 4.79299 -0.647511 
2.0455 2.4781 -0.743004 -3.65264 3.32792 -9.46806 6.27665 -9.91348 3.67913 8.88379 0.675283 -2.46187 -8.62593 6.66695 4.66674 
-3.30143 -6.98141 -9.21683 -0.103397 4.08225 1.20017 -6.43025 -4.44478 -0.977569 4.71929 5.73125 -9.29502 -2.69707 -9.19184 -6.68853 
-0.513565 -0.833369 9.24076 1.99423 3.36061 9.22025 -0.263619 5.49413 -0.964751 0.26896 -2.41893 5.3448 6.24396 -2.38047 -1.15061 
-3.15403 -5.98355 8.87353 -4.8543 -6.53728 9.62401 -3.25785 5.2743 -2.55095 6.81756 -2.06772 4.73147 3.97971 -6.44435 -2.39906 
0.443922 10.5821 -4.14933 -1.55821 4.6411 -6.87054 -4.10318 -1.07883 8.27815 9.19718 -7.85687 4.68917 1.92053 -8.95791 3.45546 
-2.29011 -2.52019 -1.98633 -2.96304 8.13459 -6.27451 7.64751 3.25422 3.4452 6.96496 -5.75539 -1.97543 -8.08631 4.80709 4.21363 
4.93014 -8.10874 -9.59111 10.9423 -2.29588 -9.03098 -8.87716 -6.4937 -7.74792 8.54347 9.92843 0.969451 -7.13587 7.80261 8.58193 
-4.42555 -7.23328 1.69045 1.8731 -7.40056 8.68703 -6.14826 -4.10062 -3.83978 -7.43645 -5.88998 -3.23798 -3.26041 -0.917325 1.49947 
-9.4059 -8.26768 -9.8244 5.38325 -4.67293 0.775903 -8.85217 2.69665 1.09442 -4.84918 0.59389 -2.16642 4.69045 7.04636 -9.25593 
Average: 0.0382881
29: It's square matrix: dimension = 10
1.94552 9.41636 -6.90258 3.66631 10.9404 6.20808 -2.44841 -3.65905 1.23286 3.1113 
2.31468 5.1865 2.62102 1.17966 -4.62166 -1.7242 10.2457 -8.57979 0.941893 5.8511 
-7.62871 7.56484 7.72698 -8.50609 6.49776 0.870113 -9.80325 -9.39821 -3.43217 -0.387951 
-0.289895 -2.94061 9.56633 -2.57915 -1.87417 -7.47105 5.27815 -8.87716 -1.08524 -1.74599 
-2.49904 -9.76479 -0.709677 -2.21 -5.51762 -1.21726 -4.60244 9.56313 -6.13544 1.57381 
5.08908 10.6655 3.92523 -2.38304 -8.68041 -9.2085 10.3867 7.8103 9.69515 5.73061 
7.58214 -5.42534 -9.80325 5.30186 -7.74856 -1.41722 1.62444 -1.83828 -3.23927 10.2361 
9.78039 -7.62615 -2.9906 7.05725 -1.07306 1.15595 2.82482 10.6411 -7.44093 -6.30079 
-1.88955 6.32664 3.00299 -3.51421 -3.46165 -0.750694 -8.10746 -6.01175 6.06452 7.9263 
-2.95599 2.17496 0.0414441 -3.97693 3.76052 5.71395 3.22602 5.48195 10.1002 6.29588 
Average: 0.506691
30: It's square matrix: dimension = 14
-9.859 -1.0314 7.20722 -5.52275 -5.23051 -2.10169 1.05405 -4.21534 10.0214 -8.5407 10.909 5.14997 1.51805 -9.93912 
0.220252 -9.31233 -3.98206 4.61739 9.18308 1.50908 -1.38261 -6.93591 2.80624 6.6285 -4.36338 -9.16428 7.11878 3.48109 
9.71438 0.693869 1.2899 -2.32215 -4.85046 4.83465 9.94958 -8.82141 2.01923 10.6635 10.4841 0.526597 -1.90173 10.1495 
-5.40867 -9.70199 8.12433 -4.83123 8.88379 -4.5595 1.42384 -7.25892 9.80218 2.6332 -1.55501 10.5623 8.64217 -9.65777 
-4.7806 3.74001 5.9639 -8.27601 8.28648 5.15125 2.16407 -7.97928 7.11173 5.30314 3.4984 7.627 -5.46699 -2.87204 
-4.66845 -9.54112 2.26148 2.60564 -9.10276 9.80538 9.96881 -7.38133 1.35014 -1.70562 -4.00449 -0.0444349 -6.61483 -2.84768 
2.21213 0.858577 -4.77868 -1.60051 1.05789 -8.97201 -2.79577 4.13608 -6.70904 -0.507797 -3.15851 9.59069 -1.50951 4.23286 
2.52232 5.06537 9.82653 -2.99957 9.72399 -2.5439 -4.862 -6.80261 -5.02863 -0.513565 -5.14655 3.25294 4.34565 8.31916 
-0.225806 -7.61333 3.80602 5.70434 -4.73894 -7.82098 9.1222 1.31361 1.85644 -8.16449 -5.31254 4.42384 -5.14078 3.57402 
-5.99893 8.59603 -5.094 -6.98334 -3.90387 0.52147 2.06858 6.02029 8.69216 -6.32643 2.51207 -6.17582 -2.63555 -7.06088 
-6.76095 3.94253 8.50438 -4.13395 1.9577 7.69237 -3.65969 -0.295663 5.5909 10.7789 -2.17154 -6.11814 -2.52275 -9.17261 
7.66738 -8.92651 1.77825 -6.71609 8.23072 -7.47041 -8.86691 -7.42235 10.7001 3.80282 10.0861 -3.04187 -4.82739 -3.45076 
-1.67806 3.91754 5.03461 -4.45824 -5.75988 -9.4091 10.3649 -2.43303 2.89917 8.06024 5.67293 6.35228 -1.14548 -3.05725 
-1.26725 -4.81906 -1.06217 2.19932 -1.19547 -2.64452 3.49263 5.54283 -2.97906 10.1643 -6.89554 -9.63021 5.22047 -3.50075 
Average: 0.118952
31: It's diagonal matrix: dimension = 7
-0.988464 0 0 0 0 0 0 
0 5.79983 0 0 0 0 0 
0 0 9.66439 0 0 0 0 
0 0 0 10.4379 0 0 0 
0 0 0 0 -0.656484 0 0 
0 0 0 0 0 5.45311 0 
0 0 0 0 0 0 8.62935 
Average: 0.782442
32: It's square matrix: dimension = 1
-9.66482 
Average: -9.66482
33: It's square matrix: dimension = 16
-1.10767 3.62722 4.36424 -6.00983 -7.86969 6.56954 7.41295 6.67977 10.1662 7.31938 -9.90002 -8.70028 7.77184 8.55309 -3.0925 3.37983 
-3.04892 -5.01965 1.03418 -5.17283 -7.04294 3.42405 -9.20914 8.87994 -0.937834 -7.38646 5.8338 0.537492 1.87887 -3.63405 -4.74599 2.39543 
1.4969 4.29054 10.0861 1.26939 6.22666 -9.31233 -6.76864 -6.47319 -4.77612 -2.20423 -5.64068 4.53664 9.78744 1.03162 9.78744 -5.87716 
-1.40761 8.39927 1.89874 0.45674 -2.33241 -4.29609 -8.8887 3.26832 -2.63298 3.74706 -2.06259 5.79919 -6.85708 -0.865413 1.15595 5.39735 
-7.61205 -7.116 4.64302 -4.84021 -8.87075 -2.54262 0.881649 2.53258 7.85836 1.39756 7.68148 -7.73382 -0.721854 4.21683 8.14356 -3.35206 
-2.75155 -3.31361 -8.59389 6.3997 -2.29588 -7.79983 8.1897 6.15809 3.83935 -5.64644 -2.31831 2.94595 6.3292 6.39842 -7.20701 -9.47191 
8.87545 9.73168 -1.68383 -7.92608 7.85516 -3.92053 2.00577 -1.98312 -7.64666 1.51933 1.13416 4.53343 -0.636616 -3.99487 0.533647 -9.4655 
-3.5674 -3.44307 -9.33476 -3.41743 4.53728 5.75753 8.74664 -3.36296 2.46849 -3.27964 -2.53749 -0.960906 4.50716 8.19483 5.3025 4.63533 
-0.327067 3.93741 2.04038 6.45354 -2.674 1.03867 0.402264 -5.16706 -6.59816 -4.66524 9.44392 5.41337 -2.9342 -0.422559 6.67144 5.8934 
-4.93762 -4.49284 0.440077 -5.03504 -6.45909 10.4982 -8.34074 4.3245 -6.35142 -6.08802 -9.66674 -0.830805 -1.34608 -2.15616 0.972655 -1.90686 
-7.09677 1.38795 6.40739 8.77355 -9.62957 9.09977 -9.97308 -4.63512 9.10169 -6.19889 4.99103 -0.988464 6.31639 -0.607776 -5.5753 -2.63491 
8.46208 -5.18757 1.14954 2.53578 8.99786 4.8276 8.96197 4.36808 -5.81948 3.77526 -8.99701 6.4593 5.65307 -7.05319 -4.74664 -7.19034 
-8.90728 -0.249519 2.66588 9.53749 2.72356 -0.691733 -3.00855 10.5289 -9.04379 0.656056 2.81265 8.46849 4.94937 4.19184 5.82034 -8.87588 
5.36274 9.53236 -5.12925 -2.6849 -3.90579 -9.56612 -2.15744 1.45012 -4.72741 -5.06195 -6.16236 1.0611 6.29395 -6.61419 -6.25272 -1.77548 
-7.82418 10.4738 3.72079 -3.71737 -6.97501 -4.00833 -4.43645 -3.23029 -9.12391 -8.583 -2.39778 -8.04978 -2.29203 4.99808 10.0406 0.874599 
-8.09912 5.50374 5.33647 -2.64452 10.9257 -6.7148 -9.35142 8.78253 4.53792 -8.18949 -6.14185 3.16129 8.2711 2.32429 -7.78573 -9.69366 
Average: -0.16878
34: It's low triangle matrix: dimension = 9
2.13202 0 0 0 0 0 0 0 0 
-3.4232 9.82333 0 0 0 0 0 0 0 
5.76009 -7.83316 3.06644 0 0 0 0 0 0 
-6.82183 -2.61376 5.71139 10.6603 0 0 0 0 0 
-4.75881 -3.884 8.4217 6.85153 -9.37962 0 0 0 0 
4.34822 -6.06494 -2.25935 10.4911 0.62978 9.88293 0 0 0 
6.10874 3.99573 -9.41679 7.74364 9.97586 4.18671 5.20573 0 0 
-2.42854 -4.44221 -7.21021 -5.29972 -8.88357 -5.98099 2.57039 -3.49883 0 
4.38282 2.92801 -1.41401 0.643239 2.1442 -2.17219 -6.89554 -3.8699 -7.54027 
Average: 0.142871
35: It's square matrix: dimension = 18
-0.533433 6.7131 -8.41572 -0.302713 2.9985 5.20188 2.70305 -7.92801 1.22837 10.8276 -4.24931 -7.45054 -9.24311 6.89126 7.00983 7.2194 -2.99252 6.54967 
-8.7618 10.627 2.38774 -2.05298 -0.605853 3.2273 -2.94894 4.56355 10.7174 -7.24226 5.90814 6.80538 -7.91647 7.80709 -1.95685 6.37022 -8.96689 10.3578 
-5.79705 0.421491 -4.62871 4.60009 5.49797 0.099765 -4.23457 -1.22687 -7.01538 7.40141 5.22687 -8.6599 6.28178 0.957915 9.89767 -4.74215 -2.1286 -8.24781 
4.03674 -1.36146 -3.74621 10.2886 -0.377697 1.56996 8.59603 2.26405 -4.53322 6.39137 0.0408032 -1.73574 6.26383 -3.80902 -7.66332 9.5125 10.4514 9.81756 
-1.07242 -5.79192 1.32963 -8.82141 7.17774 -2.5125 0.304209 4.1175 -2.12348 -9.47063 6.68874 7.63726 2.68575 -5.15232 -5.04144 -7.23969 0.675924 -3.70711 
-3.1316 -9.18735 -9.3777 3.80026 1.33219 -1.6082 -1.7947 9.4106 3.48366 0.822047 -2.22666 -5.39842 -1.18906 -7.63128 -9.16813 -8.54518 1.78402 6.99252 
10.9045 7.69109 10.8673 -5.07733 2.92993 -7.89468 -0.664815 -0.159154 -2.1536 6.43944 0.793847 9.94253 5.52489 3.20936 -9.18799 0.668233 4.70006 5.53322 
-9.42961 4.38347 -0.936552 4.47832 9.93292 10.7827 -6.83145 -8.0267 3.85025 -4.69408 4.30848 -9.20017 5.50182 5.348 6.01709 -4.29096 1.07392 -7.46657 
3.3574 2.18394 3.59261 -7.14548 9.64901 -5.11194 -4.29289 6.93741 -1.21342 9.32472 9.84256 -6.77953 1.81799 -8.26255 -5.39457 -1.65371 1.92309 -9.20658 
8.8825 -2.48943 6.46059 7.06687 -6.50011 -5.91433 -7.76458 -8.14142 -2.11386 -6.71609 -2.35356 -6.60457 6.61312 0.133732 -5.14206 -3.08032 -8.75347 -7.43004 
4.67058 2.71203 4.39628 -1.09485 3.23115 -6.41871 -3.62316 -0.535997 -0.749413 -0.153386 -9.60906 -8.33177 -1.12754 -2.6599 2.63384 1.3495 5.8652 -6.52318 
7.22196 1.57253 5.27302 -5.09848 4.37129 4.74621 -5.79257 1.76095 8.70498 -4.68767 7.9122 -4.87609 -4.88379 10.7834 -5.22987 -0.414869 -2.91241 -3.58599 
-7.59218 -1.41914 -4.1333 -6.70391 -3.44948 -5.55287 5.41401 -8.85858 -4.21662 -9.24375 -8.47981 5.55052 4.88208 -0.0425123 9.01004 5.03461 2.86007 0.858577 
6.42405 -4.41337 7.39372 -9.02905 -2.90023 -6.93271 2.77996 -4.73702 4.04956 2.19803 -4.91198 8.33839 -5.4593 5.43645 -4.35121 4.5783 9.79385 -3.47768 
-3.44627 -6.71545 -8.31062 -1.03397 -8.69387 1.33732 -5.09272 -0.731468 -0.707114 2.41658 -7.61141 8.14933 0.219611 -9.68789 4.54112 -9.43666 10.1803 5.34864 
-8.91946 3.8009 -4.49605 -3.5392 4.9263 -9.57637 3.04465 -0.0431532 5.04614 6.35099 -6.93399 -7.51399 -4.32942 -5.14655 5.3762 4.25913 -6.2335 -8.2523 
-2.1254 -2.96625 9.18949 -1.43196 9.15873 8.91839 1.41423 9.99765 5.35505 7.50459 -2.74834 -0.659047 -0.174535 -4.62807 -2.53877 -8.67913 -5.09272 -1.50374 
3.65798 4.97629 -1.65755 -1.41594 3.42534 -4.05704 -0.446913 6.87396 -6.95834 0.907285 -9.58406 4.42769 1.72506 4.49883 -0.297586 9.45482 7.79492 4.41743 
Average: -0.000714077
36: It's diagonal matrix: dimension = 10
4.67251 0 0 0 0 0 0 0 0 0 
0 5.06922 0 0 0 0 0 0 0 0 
0 0 -1.9498 0 0 0 0 0 0 0 
0 0 0 -7.66973 0 0 0 0 0 0 
0 0 0 0 2.11536 0 0 0 0 0 
0 0 0 0 0 -4.51079 0 0 0 0 
0 0 0 0 0 0 -2.13309 0 0 0 
0 0 0 0 0 0 0 6.67656 0 0 
0 0 0 0 0 0 0 0 10.5873 0 
0 0 0 0 0 0 0 0 0 -1.15638 
Average: 0.117011
37: It's square matrix: dimension = 2
4.18799 -2.72207 
5.96646 -2.48045 
Average: 1.23798
38: It's diagonal matrix: dimension = 19
1.7853 0 0 0 0 0 0 0 0 0 0 0 0 0 0 0 0 0 0 
0 8.96518 0 0 0 0 0 0 0 0 0 0 0 0 0 0 0 0 0 
0 0 -2.51698 0 0 0 0 0 0 0 0 0 0 0 0 0 0 0 0 
0 0 0 -8.79321 0 0 0 0 0 0 0 0 0 0 0 0 0 0 0 
0 0 0 0 6.35228 0 0 0 0 0 0 0 0 0 0 0 0 0 0 
0 0 0 0 0 3.00299 0 0 0 0 0 0 0 0 0 0 0 0 0 
0 0 0 0 0 0 -6.82568 0 0 0 0 0 0 0 0 0 0 0 0 
0 0 0 0 0 0 0 4.63598 0 0 0 0 0 0 0 0 0 0 0 
0 0 0 0 0 0 0 0 -5.21577 0 0 0 0 0 0 0 0 0 0 
0 0 0 0 0 0 0 0 0 7.86349 0 0 0 0 0 0 0 0 0 
0 0 0 0 0 0 0 0 0 0 4.1803 0 0 0 0 0 0 0 0 
0 0 0 0 0 0 0 0 0 0 0 2.69152 0 0 0 0 0 0 0 
0 0 0 0 0 0 0 0 0 0 0 0 3.90921 0 0 0 0 0 0 
0 0 0 0 0 0 0 0 0 0 0 0 0 -3.90899 0 0 0 0 0 
0 0 0 0 0 0 0 0 0 0 0 0 0 0 0.2837 0 0 0 0 
0 0 0 0 0 0 0 0 0 0 0 0 0 0 0 4.25785 0 0 0 
0 0 0 0 0 0 0 0 0 0 0 0 0 0 0 0 -7.12946 0 0 
0 0 0 0 0 0 0 0 0 0 0 0 0 0 0 0 0 -9.65584 0 
0 0 0 0 0 0 0 0 0 0 0 0 0 0 0 0 0 0 -7.2775 
Average: -0.00940621
39: It's low triangle matrix: dimension = 3
-8.94702 0 0 
-8.66695 1.99039 0 
-8.04657 7.48088 8.49028 
Average: -0.855444
40: It's square matrix: dimension = 1
1.21876 
Average: 1.21876
41: It's square matrix: dimension = 10
0.21897 2.64089 2.60051 -9.81735 6.14463 -0.644307 -3.743 -3.01495 -5.10169 4.17966 
9.83679 6.17219 3.32279 6.67272 -5.10425 -7.13459 -2.83551 5.75497 3.69643 -0.287332 
-4.29994 -4.55052 -6.89169 -7.21278 -7.85046 -3.73019 -4.43196 2.34864 6.52852 4.29246 
-9.01111 5.7351 9.09207 -7.56078 0.0318308 7.17133 9.03504 4.00983 5.64666 2.77676 
4.60137 10.9808 -7.71651 -8.45354 5.25187 -2.88229 3.69131 -6.40077 -9.94168 1.42769 
4.69045 5.4608 -8.02606 -6.03034 -6.14954 0.669515 4.13224 -8.42213 5.46016 10.4931 
2.84149 -8.49135 6.70348 -5.98291 -6.5783 4.55458 0.446486 -5.5862 -4.45439 -3.35206 
3.54646 -3.35334 0.232429 -0.502029 1.07456 4.40974 4.16364 10.2739 8.38133 3.57274 
6.46315 3.88485 5.38902 -6.07648 10.6103 -7.1269 1.02969 8.47682 0.62978 -3.53471 
-7.76778 8.13715 -2.77398 0.792566 -8.63298 -9.00214 -4.98953 2.83508 -8.45482 -5.93933 
Average: 0.0337278
42: It's diagonal matrix: dimension = 18
1.69237 0 0 0 0 0 0 0 0 0 0 0 0 0 0 0 0 0 
0 -9.36039 0 0 0 0 0 0 0 0 0 0 0 0 0 0 0 0 
0 0 -7.0878 0 0 0 0 0 0 0 0 0 0 0 0 0 0 0 
0 0 0 4.62188 0 0 0 0 0 0 0 0 0 0 0 0 0 0 
0 0 0 0 -0.208502 0 0 0 0 0 0 0 0 0 0 0 0 0 
0 0 0 0 0 -8.73937 0 0 0 0 0 0 0 0 0 0 0 0 
0 0 0 0 0 0 -2.19333 0 0 0 0 0 0 0 0 0 0 0 
0 0 0 0 0 0 0 -4.85815 0 0 0 0 0 0 0 0 0 0 
0 0 0 0 0 0 0 0 -0.790429 0 0 0 0 0 0 0 0 0 
0 0 0 0 0 0 0 0 0 -5.69515 0 0 0 0 0 0 0 0 
0 0 0 0 0 0 0 0 0 0 -9.93207 0 0 0 0 0 0 0 
0 0 0 0 0 0 0 0 0 0 0 -1.69665 0 0 0 0 0 0 
0 0 0 0 0 0 0 0 0 0 0 0 -7.49156 0 0 0 0 0 
0 0 0 0 0 0 0 0 0 0 0 0 0 10.2047 0 0 0 0 
0 0 0 0 0 0 0 0 0 0 0 0 0 0 5.55373 0 0 0 
0 0 0 0 0 0 0 0 0 0 0 0 0 0 0 9.57787 0 0 
0 0 0 0 0 0 0 0 0 0 0 0 0 0 0 0 9.64708 0 
0 0 0 0 0 0 0 0 0 0 0 0 0 0 0 0 0 -5.54454 
Average: -0.0688283
43: It's low triangle matrix: dimension = 15
-8.01517 0 0 0 0 0 0 0 0 0 0 0 0 0 0 
-2.76565 10.0733 0 0 0 0 0 0 0 0 0 0 0 0 0 
-2.77783 -8.0094 7.9013 0 0 0 0 0 0 0 0 0 0 0 0 
6.43815 -6.21235 1.05982 -8.83486 0 0 0 0 0 0 0 0 0 0 0 
4.9263 4.38603 -0.648793 -7.79534 7.54305 0 0 0 0 0 0 0 0 0 0 
-1.10382 -7.95108 9.50737 8.21278 -4.11921 -4.04935 0 0 0 0 0 0 0 0 0 
-4.27815 3.34587 -8.48238 -7.20444 0.311258 -2.97073 9.65349 0 0 0 0 0 0 0 0 
2.23521 -4.74215 -9.0015 8.5031 -3.15339 6.64516 2.05319 -0.963469 0 0 0 0 0 0 0 
1.11365 9.3542 -7.93313 5.57552 -8.24781 -2.30998 5.24738 -7.36979 4.32194 0 0 0 0 0 0 
4.19761 -1.19419 -2.47661 0.493271 -3.5392 -2.30741 4.80581 5.9107 -8.84256 -3.45012 0 0 0 0 0 
-8.98099 10.0303 0.157445 8.5454 -9.17005 -9.14249 0.943815 -0.765435 4.05597 -3.02008 8.13523 0 0 0 0 
0.118992 -6.37321 -1.19291 -2.60671 -6.95834 4.01495 8.4185 10.5014 7.0925 -0.850673 -9.06751 3.87973 0 0 0 
-1.8338 -4.63897 3.80154 0.34138 -5.16001 4.38667 2.92673 1.34886 -3.28605 4.9545 4.02136 9.56505 3.88934 0 0 
3.9938 -3.89041 -3.02329 -0.281564 6.9938 1.57765 0.375347 -7.49605 0.54326 -5.32536 -9.53984 1.28733 -2.417 9.88229 0 
-9.627 7.39051 -3.59496 5.0455 5.91968 8.87033 8.92288 -0.318735 -8.72591 10.5289 9.25166 -9.63405 0.440718 2.65435 0.125401 
Average: 0.138121
44: It's diagonal matrix: dimension = 5
-7.86905 0 0 0 0 
0 6.18436 0 0 0 
0 0 5.11792 0 0 
0 0 0 6.22987 0 
0 0 0 0 -7.91455 
Average: 0.0699423
45: It's square matrix: dimension = 9
8.94531 -8.27729 8.49028 6.85025 2.40248 1.50908 -4.59026 -4.99979 8.98569 
6.35163 10.0175 -3.95001 -0.607776 5.94275 -7.62166 4.87246 8.29032 -4.08588 
3.18372 1.13031 -0.015595 5.96774 6.99252 3.66759 1.87374 6.62145 7.60009 
-7.46208 4.97949 10.7533 -1.95044 9.09079 2.32942 -7.42747 -3.67058 -1.00192 
0.474685 -7.80496 7.28349 2.66204 -3.0752 7.46678 -7.23777 5.87225 10.7776 
-0.808374 5.55501 -7.8543 -8.67336 10.4347 2.12241 -7.35057 6.93741 -8.96817 
-6.32963 3.09912 -7.05191 -0.00726341 8.59474 4.56163 6.90985 -1.08075 0.820124 
-0.452681 -3.08225 -6.87054 -3.92117 6.31574 10.3373 6.61504 1.64623 6.78552 
-4.3166 -3.49049 -7.4294 0.963683 -1.03781 -8.79257 3.93484 -4.69665 -8.77078 
Average: 1.01548
46: It's square matrix: dimension = 16
-6.11429 2.66332 -1.99338 -8.069 8.83956 9.92779 -8.84256 -0.322581 -9.09442 0.110019 -2.43559 -1.71908 -9.44884 -5.99124 -5.24781 8.91327 
9.53108 -9.94424 7.81799 10.5994 0.320872 10.6597 4.53343 5.53258 -1.68831 2.24097 -1.64025 6.6567 4.17838 1.74685 3.02799 8.56014 
0.332408 5.93121 -3.16684 -7.79791 -8.14655 -1.83572 2.31147 3.51506 -6.17646 10.0784 -1.55052 -0.600085 2.45119 0.804743 2.08203 5.1615 
-2.09784 -1.89532 -6.36488 3.89767 -4.7492 -9.8417 2.87289 -3.11045 2.4326 -8.68874 8.80047 -8.4843 6.63555 1.53664 -9.61803 -1.28007 
-4.98633 9.91754 -7.76778 6.5689 5.13971 -7.08396 -4.0705 -9.07007 1.09699 -5.28434 7.11621 -7.19996 -9.37385 9.41636 2.03909 8.31147 
-9.77953 4.36232 -3.32002 -6.04572 1.58727 -6.60842 8.14612 6.04529 5.37428 -4.71972 3.46187 -0.0354625 9.57018 -3.83914 4.42961 1.20786 
-9.51357 3.20487 2.70818 5.77099 -5.27409 -6.65264 0.768853 6.90216 9.04016 -8.66823 0.888699 9.76116 -7.51143 -3.14185 5.82546 -9.99487 
-7.19291 -4.88635 0.345225 -6.16236 6.37599 1.47639 -1.75048 -0.445631 7.71673 -3.33988 -1.94147 -9.89105 -3.09122 -2.91113 -4.98633 3.74514 
7.83786 -9.2194 -2.4561 3.20487 9.67208 4.52895 6.86883 2.56462 1.4969 -9.35847 -8.12925 -1.78188 1.48152 9.05298 6.92523 -3.9577 
-0.485366 -5.94894 1.80645 -3.72698 -5.30998 1.43602 -3.6379 -2.86947 -2.43046 -5.6317 1.08609 4.7148 -7.38902 0.695151 -0.741722 5.20893 
-7.31532 -5.95856 1.80709 -8.07605 -7.93057 -4.56334 7.54753 3.21 -8.15616 -0.232856 5.9498 -9.23606 9.07862 -7.17112 2.10318 -0.621876 
-8.27345 -0.727622 -8.98035 -5.35868 -8.36189 7.20081 7.94488 8.64409 -7.42491 3.72912 -7.18009 3.20038 -2.33433 9.26255 -5.43175 -5.3683 
4.17838 8.78765 -8.65734 7.6379 8.04038 3.95471 -0.593677 3.28498 1.9891 0.234352 -1.20829 -0.353343 4.78338 5.9216 -8.59453 5.12369 
1.35975 4.28156 -7.27686 3.97971 -0.642384 -3.39308 -0.261696 -7.88058 -2.09336 -6.52638 9.31959 8.64345 -9.90707 9.97778 3.63234 -6.7962 
4.99936 5.22559 -2.21897 2.71139 -4.26212 10.8718 3.32792 8.39415 -0.628925 10.9782 2.84597 -4.23008 -2.86627 6.97073 -0.840419 8.54732 
5.85943 -2.01132 3.43559 -2.01837 -2.98291 -4.60372 4.76608 0.739372 6.26896 -9.26106 -4.57744 2.77548 8.94595 -4.06537 10.4174 -8.72848 
Average: 0.0419573
47: It's diagonal matrix: dimension = 12
3.5298 0 0 0 0 0 0 0 0 0 0 0 
0 -6.83337 0 0 0 0 0 0 0 0 0 0 
0 0 -3.65264 0 0 0 0 0 0 0 0 0 
0 0 0 2.88379 0 0 0 0 0 0 0 0 
0 0 0 0 1.47447 0 0 0 0 0 0 0 
0 0 0 0 0 -6.70327 0 0 0 0 0 0 
0 0 0 0 0 0 1.95962 0 0 0 0 0 
0 0 0 0 0 0 0 4.33796 0 0 0 0 
0 0 0 0 0 0 0 0 1.34117 0 0 0 
0 0 0 0 0 0 0 0 0 -7.30442 0 0 
0 0 0 0 0 0 0 0 0 0 -7.30314 0 
0 0 0 0 0 0 0 0 0 0 0 2.52361 
Average: -0.0954613
48: It's diagonal matrix: dimension = 15
-8.79641 0 0 0 0 0 0 0 0 0 0 0 0 0 0 
0 6.71181 0 0 0 0 0 0 0 0 0 0 0 0 0 
0 0 -8.54454 0 0 0 0 0 0 0 0 0 0 0 0 
0 0 0 -7.0032 0 0 0 0 0 0 0 0 0 0 0 
0 0 0 0 3.8182 0 0 0 0 0 0 0 0 0 0 
0 0 0 0 0 -6.7821 0 0 0 0 0 0 0 0 0 
0 0 0 0 0 0 -3.6693 0 0 0 0 0 0 0 0 
0 0 0 0 0 0 0 -6.15851 0 0 0 0 0 0 0 
0 0 0 0 0 0 0 0 -2.10297 0 0 0 0 0 0 
0 0 0 0 0 0 0 0 0 -2.93164 0 0 0 0 0 
0 0 0 0 0 0 0 0 0 0 -6.24952 0 0 0 0 
0 0 0 0 0 0 0 0 0 0 0 9.98675 0 0 0 
0 0 0 0 0 0 0 0 0 0 0 0 7.3072 0 0 
0 0 0 0 0 0 0 0 0 0 0 0 0 8.13459 0 
0 0 0 0 0 0 0 0 0 0 0 0 0 0 2.17176 
Average: -0.0627017
49: It's diagonal matrix: dimension = 6
-9.96219 0 0 0 0 0 
0 4.77953 0 0 0 0 
0 0 -4.31852 0 0 0 
0 0 0 7.08481 0 0 
0 0 0 0 -6.40846 0 
0 0 0 0 0 0.292032 
Average: -0.237022
50: It's square matrix: dimension = 1
-9.93912 
Average: -9.93912

Time: 0.005s
